2780169943
296454807
781658222
4022869060
3043295350
930793904

1
1682349081

384615901
645276711

3801187737
4272743231
3991562234

2269978248
2398777730
2362118769
2038855787

376981880

2472225146
4060777902
836879441

1382026802
1031336711

3165650240
4022618419
3826118987
4033446656

194175876
3276686620
1488678852

4056762837

1354772556
347300654

2309095408
754890449
1
1152805974
4229480705

2830245585

3201443031
863581045709156
3393749801
1598597351
2354954020

4043731667
1758044371
2767923084
774857547

1509171154
2539740999

905608850

2636048958
384907189
3224553372

2045873373

3295826302

1067655833
3746854914

3484157268

3519956765
704874213
1358715092
4113154218

815888466
1623779049
815801047

1452467158
3753408075

394021235
3513641312
175637876
2540577220

1447831250
1460546450
139809871
4208807551
407579199
3413948039
2603298628
3687186889
559066586
563991328

2947388140

4143872200
3069728647
3196820175
3781304222

861616047463295
1769079240
3597504328
736351532
3487561428

350641180

3867995981
2775592242
1494303754
75620273

3500297115
2554044297
2245699327
3283312878

2554589484

1705955475
3966190516

672845578

924666860
3846908986
1995955329
1103346840
1864756968
3324976015

1457566170

127211702

468153674
2217161522

4181927911
46584430

2193335987
66237819
1081207263
1911501706
4115845744
2007050262
3492317587
1681627449
4109756546
579269707
317097124
3789974187
633742079
851634073
1388846611

3470634419

2808066726
579900615

3924257953
3713436895

1139851857
3733024378
3878525613
357584204
1693248663
2722284764

984655364

2412139783
3743539809

2507105583

2507105583

1718374125
1145853454
3286527452
140469915
4125551766
3171627535
2843439747

1289887485
3924832539
1154241569

633458290
1420255099
2434177202

110739717
793359033

4183127520
3621271039
150202728
2846966281
4075431650
2262919883

4005946376

2803259289
3911267868
3970695032
4174610502
326184038
287528244

2412820494

3787053891
849801764
2073731765
2978807975
1457460095
3806542281

4028992143
1806701024
3413209891
2353206668
802247026
2754904925
359400384
1168246957
1480391657
86161604523870
350376880
388897998

410802433
1602950481
634898095
3223462195

712406806

625695483
1
367591684

171823994
1938189301
511879765
行
67883502
2573079671
323021341
1708796796
3847585432
3581856080

3733884817

878287065

120713282
3209967109
1180228993

2202538315
3770635177
2190936084

1110889588
2069228696
3960446151
583605837

2354760381
3317190847
4114109251
194972904
1179846745
2878526044
852041954
3317190847
1334877335
3691973080
190564096
1237541881

2222004334
3249831576

102552303
1494034819

2848225834

4176667178
1984224192
3345856829
3242814417
4084680579
1540841222
2388897579
481265088
1155511970

4099475197
3742646791
1023126066
4084871292
748775620
2211407017
3027633854
3979230793
3647280573
530334888
2103784165
67883502
959495241
1814413734
3621271039
832847705
3757559157
1474046270
1599838949
3334709324
284238924
3361026021
1490703511
781658222
4272743231
3286527452
190564096
2568785169
2830245585
3581856080
1020769706
1989925979
1792731698
3273708825
2866387325
147929589
3966190516
45314312
1084757289
907452140
1088410720
2474673788
1703673632
3550955452
2061420915
4063718675
3718500194
4022618419
1910826823
2245499289
1745028526
1880443476
4274240625
4232497374
2987072774
3150300556
1764089652
183639151
3924832539
2060289199
3220042471
4112872564
98825190
259127523
3564277876
2219704113
3136911711
3753408075
1761779674
3629146142
1826505417
2302725451
3997563526
2635531476
1838808721
3596307451
4090785830
1126004666
1014020670
3707252574
3850584137
4154084803
182443391
2570209628
416942751
3245547419
183256322
1075840915
4088067466
2398777730
3292962091
1289887485
1481086337
2041109683
2620449795
2189709137
1741624119
1763688310
2665548469
1381793933
2003526266
3980419568
1395098415
2991337612
4023846018
1351928904
4277921136
4237010677
4229480705
3597166652
552468227
221643686
3363900393
678776895
433214868
1000897014
567065302
151364725
1708796796
634898095
3440050856
215797448
3049108104
1756210166
3198550122
672845578
3674244817
983054614
2164227051
1382026802
3201443031
2981990945
3112164208
1027688924
4022869060
2194207167
156813656
3578676763
2407785688
278227245
1923367664
135069805
4204026312
1043205567
968187701
3175411133
600220417
57044803
4123244981
1864756968
1248346246
164370865
2063824873
993198652
1390067080
2846966281
3670204581
2750897369
2077028068
2431452840
1219235432
1566648235
2330969555
730053676
896877310
3264740142
2018505509
879394502
3283312878
3221557825
1811928789
2795921198
1735532180
2913125035
755203954
2803796231
3166432421
1252248730
2217975373
947106050
2561034483
1678217223
2223518738
3967323137
2653765982
408660067
2762135429
4050957179
2545069440
4193903945
1076623795
251076197
938912144
317097124
1491916200
559505212
2718954304
3969786479
3898281704
3569657638
4005946376
1733585133
744096277
66237819
299149962
4134275893
3981687019
560454754
2979630273
1488231905
1067655833
3746854914
418413861
1112730263
1372279884
1994758204
3691973080
2775592242
1815595669
924666860
4083718366
845103663
1334877335
2843439747
3050313753
2462263433
3017621024
988112719
2426023645
2046591780
1639735312
1354603115
1257863723
3061095946
1494919953
732871884
1733115351
2024721055
3125618494
762801762
2510165591
3476819837
821822934
372566697
847562318
3844173148
1452467158
2908934949
2544465408
1318029071
42335815
453214793
321915980
2540680030
884062147
3448611438
4266832213
1129849826
2370114457
2231907294
2776753133
1091848789
48678429
3335330926
1941758760
793359033
589851172
2509405142
3711260733
2061947761
453346332
3929291774
3879593256
1237541881
3615852677
429831430
1215600956
490786719
273148260
479002583
352022219
2660369918
407579199
3487561428
87458455
174300649
400800435
66621120
1855445487
3900649258
2749951519
2028750211
3946502135
3389309932
1169246957
367591684
2247456924
3109416403
1899990823
439445017
1923611764
2576597476
3570262430
3910699272
4114109251
1598597351
140469915
2476763411
2341312118
500250839
939878488
2464059403
1088341258
748856394
3772754293
2938948094
717039835
2444592693
3196285176
2045873373
3107471537
3346105573
3683214221
3196820175
1701049142
1646837194
2282889782
1897915740
1272527430
3530706535
1622703928
4243953453
2449845034
3685621811
1301821357
3429833580
4117730806
1460546450
478466826
3282833340
3846908986
2899076266
127211702
3597504328
582485704
714457092
1830426899
1122999545
986499876
4202577757
310071241
1909122771
2844404641
836063275
3239122656
3924257953
2554044297
1993808529
284640545
1765508317
1733620939
2514981478
3134105852
255726626
3995032217
512708272
2705737887
1995955329
3722991491
3099276040
2647115055
1733138739
980690586
4231875166
2105649916
2258852213
1354772556
390902967
3873192363
75620273
3632864133
3629406735
1731605468
1041311164
2190009374
2412139783
3684255892
1672807832
3789974187
3752065307
4019220887
1021132957
1143938486
3697048432
933386093
1273375884
1855727656
3294974888
645276711
2651236482
1197422043
1391293762
2860706413
456267509
3970695032
4274823742
1214587875
1081207263
3026834596
97983630
1667867312
2589146182
526086446
191219755
216551782
2298251140
1673913016
2802687554
3651810024
4011237345
3324976015
2176623711
3249831576
429015626
3335687598
2684749091
944456539
2480659402
1525722785
4134631902
1940471726
3801187737
1714883796
3106107258
3430306560
3508772556
2169009863
1586451658
2306709627
1818717828
2570429938
3923894742
4212980720
2198823529
2906397267
246159717
4132398230
262699981
3498774439
467570885
579900615
1059592697
3887169034
664517081
2096144988
3310668641
2878526044
3713455317
1170799924
3119199497
1580029226
2125362715
3448801104
2573832484
749817281
3528731672
3165650240
1686743222
622200619
2722284764
1388846611
1823612867
364941789
2672454656
1599874960
1712764599
2014067511
720740078
1398010933
554267690
110762120
2913428273
2483368452
780685301
2297045055
3186166378
3843535094
1615424122
1404783783
3163038426
605321213
4044877540
2270269230
587118052
2774711354
2038855787
359400384
99674006
40959382
1679657704
984801141
2206961337
1368311494
876066359
3685921207
361347571
3902370813
1791431206
2378365355
2345362715
3903371104
1233203950
1979382515
26287198
3807264582
229434695
2507387823
4171050944
765564590
2350724992
1777400183
510416272
2088510090
935188160
2767923084
2279965639
1974581977
1202987582
3331621328
468153674
4176637836
2329049552
1231021084
2915251597
3733743103
2100927064
3271228572
1150733618
2255420318
132281342
1686483353
368463298
1192729660
458419422
937450219
2500479875
1713240116
468105600
815801047
638260311
3864610637
1054043323
3276686620
3941044678
2558273299
1825550378
2931134222
2594326079
465553143
1529059195
648589377
2618240755
1031336711
3872894111
1103283529
2080545648
3695213594
2690587345
712212358
3575034830
4227381713
1784903173
4241377592
4280479479
1171012621
4046091809
251265942
2826806759
3097506870
1973854933
1825550232
3768048799
1494303754
930793904
1168728391
2094075197
1326697377
3911267868
1623779049
836879441
2977690592
2323850456
4012019464
1258739441
2736043992
171823994
1078910380
2112797608
3999787026
991860117
849866738
1803975997
959448035
1119602721
1681956729
3886879500
2374799247
1152672557
2779722442
1984011927
2869778901
4033681720
1247968053
521299363
3571322300
223631698
347300654
1912947937
2378237797
1633883179
1349961357
4065870939
2929710016
2056669172
382438172
75299046
1203693473
195082366
620522428
3299710797
1700751627
1504490720
2269978248
1406974889
1482723829
1398667215
3271842877
2562105929
191286662
989702720
2190262187
818686016
3518002585
247936523
1890402536
976330908
2279513662
2212131989
861254946
493081429
2546621612
679559714
385973966
2425354205
942529787
2348169368
1803229140
3733884817
4142427297
723066680
1752727156
1267972123
2416710060
3645245408
463226347
2127544161
3193283075
131382430
714074962
1671699191
1309110350
2972784569
3462453530
4176315987
2335804773
3383109132
3208432507
550545534
3535814552
1049323321
634749447
2582842470
1592893701
1851426845
3513641312
234819650
3716861584
1854323981
1377943778
377288752
3745685368
2730551408
98158466
2135060798
3832637287
2063177663
3628237626
1477931819
1715463329
2267845327
664687480
3093555757
1855067902
52591915
58650214
2466396117
2826720202
2572004397
3713325844
2212508830
641738845
1097582254
2482383146
1173833622
3069728647
1966405352
2899856468
3661702988
1815678592
3439889841
2122058721
1230371404
2986501878
1060371246
2760544253
2937017656
4109627182
3450518798
1452527981
634034488
2549578600
292088074
3633077914
4115810230
2434177202
2056704049
927879091
2360916331
1298597775
764832431
1808644893
597762792
2387056325
4283942908
698592073
1801984097
3041335550
523770733
1957520212
1655655040
3743798323
2568363630
360173933
1797213617
3480853458
2073287956
1798336876
3212426123
2359843899
390299419
357584204
1588407697
2651954707
4034089554
2883757937
1153911338
3838484232
1381013778
363560440
2995987401
2796796869
2266118119
2146509289
686635720
7892438
2573282897
2166745108
2308919184
3638885857
1618716966
1918903139
2481862253
2775345843
4100885040
3834793040
3967923758
762116652
464597165
115403883
1134888960
3182024814
1007406577
174402885
1319137283
289627220
2955298263
3842067769
3663948834
2873896472
154183922
3374859610
645619270
2593125290
228372571
2060009037
3461276785
4018597564
1106606478
3137750464
815522005
3205912555
2660546221
2803259289
257128217
1620441415
3826118987
3463985157
2464560247
2539856843
4100148317
1959026389
897127338
3187930221
1863274505
2978347815
2143945826
259395377
2884851497
3368194224
1045347397
2707091502
3626727722
1116368317
2809477751
2109029572
4287070503
3457383367
650848638
1152805974
1104192318
3069651661
3245604619
2725799163
296596743
4179977812
1977426527
1251019800
582026163
1770194108
728591238
2308068183
3693325685
1288299555
2358643096
459310289
1707674760
557168817
1811631793
1095044693
2377270656
1024379957
3224553372
587993566
2846908705
4028093824
1383192740
3392649667
2426465833
3173569459
3626039826
772007401
4143872200
1904905072
3258335242
3104671293
3795283240
837169549
1397747882
4103180801
1012494632
3466377250
2914755846
444196594
240901567
3703034955
4110088590
1892890229
2031079864
631492076
1561014974
1432456390
661212512
3510624989
431485214
1923413385
1961448076
1407379423
2966573461
1315404586
432276405
2176688831
2421765304
628504081
1375423921
3638344052
1359271712
2923684740
4003899282
1209122223
2413362343
3261040223
610370363
1363315812
2566721256
2773243365
3414645074
3788112941
3886919388
1447831250
869689874
1202484838
2567067481
622730789
1463344789
4172462027
359875948
3223111504
2354490206
2618914567
3951686913
1248361753
546234632
162059847
3494047645
3024236971
2891182992
801781385
763904010
1699142316
733775598
2618070107
3254381394
3100214976
1507270138
2386384951
186257488
3841456217
784218371
1717730882
2526123440
599034625
1563873405
2871915634
1379867319
1003988645
191449565
2778908395
602827915
1000828180
1561556028
3176122419
2856111724
1801673180
906961028
3589663250
623262428
1470950147
3630544984
1365578617
2887483102
2373395134
630480199
1297344071
1482392525
2754904925
1798489365
906908382
81215085
2515034924
2285834752
4016168198
1036570020
2838293785
212278375
29276011
2820922665
4172740030
1289869949
3950423170
4028765700
4062967305
3131081688
4113154218
849801764
4189493114
1822135468
3323981734
2718007099
2217116892
3405431664
4278392960
1673053707
1098586748
2980253403
3986297623
496990659
2126215799
972588079
810211967
885514708
1472633609
2136949421
781242041
1290531802
936358720
76939130
3664898852
2705191759
3683372294
3743473058
609805888
880936349
884187424
4074652990
3614229740
3787053891
494625670
3875224795
2631503200
1673259657
2808066726
1779801428
541599420
170101553
2553453594
2262030293
2550472478
1813921115
1525223773
10106154
380190585
3198550122
3751742709
3569743834
62542708
3470848283
913429249
1193770413
1415818278
917541501
2569916915
4191389742
749503368
3216701614
2540577220
2649822601
1493633893
2969726211
2339876201
3606422620
3961844807
2395469166
4032676597
3893923077
3478357613
2746470347
2615480828
2565588946
748807067
674009919
817121709
147309397
4033446656
2257767135
1548232436
4063184649
243864491
2933751498
3181262689
2460453680
2109280550
1355406961
1993732086
2196202278
2168659915
1719260155
1611847267
2673801819
439425078
2025567255
3085779559
2732110239
3361748928
4277202017
1733032430
1795871453
1456345131
2047759127
1564772719
3630877746
2971121993
1715216913
2603908790
2393993754
323021341
2479913937
4158284689
1893828802
2244873384
4029015099
2108839371
962859621
2943408192
608281913
2704212726
1203558501
1369543819
1050068831
1274775179
3377737092
3410157098
2945268833
4122110589
2667956655
2266214205
3304909180
2338372930
3489217228
3454302051
923669926
1240756895
4008490785
1224641902
2875461399
3925496823
2766284720
2986360227
893482482
989453301
3898650286
2555653713
787699850
632896987
3739153623
3952576206
816419550
4153584479
1420255099
2733581841
1013066723
1441152511
1422377881
54871476
3433639188
610245866
2905037886
4265109369
1581848024
339113505
583605837
646950267
2937890045
3553366706
3212849277
4194634670
2674364887
4045563763
3828561122
267341920
1751179087
3357633923
2082235027
984655364
1381155339
1905381545
1293247276
2398941784
461707658
2817194536
3232362143
477046423
3003379232
3157096038
918159220
810595230
2133095460
1359537160
1021287501
1652114394
3861082885
764153223
777018557
1393418262
1144387652
3295899583
686132068
125683747
1713478136
1347817408
401426972
2468534493
3333427359
1833292165
2672648687
3984485933
3751031120
2937676392
3422795358
256816967
2344285725
2265528780
883666673
3700966176
2346260835
2974658922
3781304222
2432157272
400592067
1000162084
256599164
1503208794
2945065078
4018108999
2817901786
1407470301
1488678852
3034530345
81794513
2632905153
3436126017
2085648645
3175016852
3933101409
52618227
3181530346
778822359
1610649793
2977735395
2995303193
1665530584
3362377913
1955538499
2282730543
3067186899
3508635580
2331438081
2925114034
2018863716
2570743615
4077762475
1292163582
2084797654
1074531469
893276437
244505850
3802805408
2857138189
2650920069
1894936416
311191417
1005879516
788257542
3619917060
375649589
3484367261
3943034178
629372599
3199621064
2284039695
2490894906
3913338404
2683190297
2673869656
132986370
1888960575
3096663186
4024157278
2941465036
2751786549
2203838534
3660296984
2495079778
4147892657
26403116
3949774576
4009617573
3727479655
366558921
2689693481
4002915599
2200627821
1393791525
1025655338
4070297234
1670283769
397799063
3071297140
3015200998
3543568690
2278220410
2966691954
211390231
2389631555
3442413693
2383006110
2635217059
1370243669
1919031620
1963355701
3600797932
2969977362
3581871367
3100391140
3436638669
1101753884
1121593009
3263033705
2925259570
1325153470
2375502892
2655515417
266168514
3723808762
1708943561
3026385064
3920043565
3229430826
1719348021
1182039988
2504807966
1118272764
27541636
2626581083
150202728
1877815240
3367268488
670558789
47825502
4285688708
872182657
1294336396
2846716255
653929009
522798924
3995875268
1734954545
3645549819
4266317249
4150045338
2596194889
415872530
858799550
500724924
1677773751
1576574350
1192931689
2611914391
3653844118
995441338
4222016310
846463646
1347441696
2077633983
2047121993
3549042404
556955586
1727221803
1755946766
684556384
2139296399
2342889699
435536541
1084484127
3257759410
396312995
2144660408
522809633
772295684
559066586
700061548
4237865179
2592365422
1319369802
3405272588
2769679380
3548711345
904835297
1769079240
3798581126
3536377473
3546898583
3702529310
4243857732
477819996
3738116698
2812755453
2252604781
2336595235
1735005827
391373205
1177570142
2828059722
1065971212
3488752277
963695906
1024132910
3928819474
1491345998
1482253076
3217542608
2679352815
3462836245
2851845398
1548946554
1064560381
742338451
3789445462
281131170
1108787480
4160663799
867580905
2008879666
1021189547
1479221264
139809871
3479926084
2259632332
1344324162
2406946760
4095805693
4227607753
4265400540
1481176331
377000980
2197662884
3674264663
2543927234
1248426847
3806524566
3373828484
1699833906
619331840
4259576579
1285046460
930304594
1311610252
2877947930
3602022024
3929298536
3836026160
3661168892
2621810135
931738504
971195724
4060151557
1941867964
3498708674
4204257912
4171938853
2514976743
2174403247
3285513705
1404346143
712594155
3101641720
878287065
547836674
3910681668
3521006491
3834032604
2901283260
292084961
231340881
2710221829
1337844913
1164526560
4232829365
3077521929
4179430082
1231777906
736351532
1693177505
3968974092
2167983703
3472789436
1024279091
1703194188
3980621682
4131364936
637041646
962943314
4021328845
741602098
3217232766
2152164609
2793609059
232924630
3673065556
3251324734
190148029
845203932
890088726
1496741728
104042400
635396946
3408901914
164861510
1883381612
409239369
3703991088
1573584237
4119774516
2943644674
552843882
148016521
3806277395
3908097981
2498214071
2721891772
1979382515
2561267227
454649079
3078022832
2913354510
2384153304
3791078608
3085107419
3029528041
328933230
2436831189
4191755049
713713389
1719768213
121880335
3026571261
2366704517
393662320
1538258406
804079418
3912649212
4237307182
1710132709
293324623
2133354665
3597528000
3803246063
3275752593
2530450102
2573079671
1065859961
1328419719
644051618
326565728
1605247201
3045475302
4235779161
2725735107
1082819720
3731909315
3300535418
424141225
4115845744
3538389390
3145659906
3400142950
3332104257
988898291
1719725177
3836425068
2366960926
1741229396
3411592531
1531831262
2646011570
2324830344
2180805664
2321379355
437842377
2142931833
2542832611
4173217371
1418322934
773801745
1536722691
1050778325
460174787
4225950460
2828212007
2674442037
3404894485
1029643275
2596835908
2070677408
2472847335
1243824933
1488841734
3789024894
2394031680
3890199407
1802560160
3646025168
2901337011
4193246260
1666860774
999067852
791567660
1352577444
589871803
1973903383
2193335987
1339856271
3502245622
4170263938
1450896226
905504186
712067517
1286112097
3970413990
710646668
855072499
2586345862
2354954020
340031686
3753581917
2241502376
2240853254
2816767157
512527940
2357032420
705974439
1906219189
703208683
1543147593
3626041885
410248027
1321474347
71638813
1476876341
502633382
3773104528
4106308638
3946821313
2801708889
611572344
977681099
1934350015
3004879683
974231815
1616916351
2955724405
3864822367
167124719
2501708013
975602902
1045015864
271718034
1022631718
1027080357
3914927528
2086608901
190501422
799619917
3834570246
3414130708
1368286170
1063346220
3869318165
2052485028
1215460938
2956773173
1757507516
3631434107
1354348232
202551544
1889996761
2513083995
3460521218
469285898
2566828677
94796721
1758600187
933704646
1476430371
819681510
1103346840
1646497223
414950758
4146657966
1911501706
1554058345
4130241182
3181492009
82537840
3402591244
1459568600
2735509334
1189587443
1668394958
4101095057
911964482
2356654476
1412393138
582035026
2071812799
3336511419
71617481
4183615631
2560710159
3977944288
296099420
3486663324
50636882
3423089890
4227134553
3768215288
2572283440
249959350
2316595575
852602919
2042517628
1592983572
2442407916
161892569
4292991484
2721624139
3434251864
1102980640
4084164198
2407747713
1437235076
3675982386
3425691710
1752116627
1277319500
390403822
3209233991
815888466
340721047
2108712485
3445331068
2786664843
1617066931
4203870655
1862487616
2126602744
3391751439
1620715963
3963553749
414249696
4207982383
4156630612
3104028884
3097411401
2962268868
1695248756
2836789021
3351178731
1560559229
3536278348
2119326546
145020812
1027235663
3307070496
3198550122
1143195282
2614876325
1132659567
2416894110
3513763030
1367057947
1845453335
1834030556
2806445188
673365840
855968231
2874818936
1694439099
3873565059
2420051161
2036083441
178214245
1341860745
741120280
1290540284
237442772
2289571963
2648371005
886232379
1392799952
1062244658
1372511736
2811009484
1334164195
3538633259
887531390
1209833186
2708291988
3849337902
2060867932
1649910328
513331168
4253421647
2180096856
358224294
1118302626
2813339285
3757712057
3234447048
3034111015
2848438934
2055929591
1772298407
4167045898
3445174657
2301672326
4285896808
138482122
3755511293
1734630247
1701844206
554656565
1373211246
3259281980
3152634965
1906971654
1721476151
3763215458
1611226649
2991187835
56462154
804938296
1016222421
1470062875
3134138545
3248974347
39209863
2885601934
929608265
2279881131
2414714395
3868423208
3429424709
287457381
1691873244
1417380550
2850478808
150037866
241613929
3087054171
890754967
2297666729
1812611564
138182036
2381085370
440795813
3974493673
4242335921
858305738
376546322
220189757
1690320084
2573300248
106183415
2149289197
916138611
2545677488
1967767273
2830114513
2194207167
3998015892
1544078154
2772169026
4100369041
2376441595
2488564121
2317255854
3846929863
4017051389
2720190012
2322195694
1477104695
175476566
2669622675
2567963752
3045690699
3029776944
4174420850
2212965948
601037698
1971653450
4111186706
1723888197
150271788
2261815002
1009242287
916379479
633458290
2088193007
83904880
3306965495
503700308
2357825469
2700146150
4018638811
1258757931
1256887436
2974357607
960729003
1871181172
3453045469
1646214125
1173939283
2392202107
2923488184
2645447865
4092602366
3968507311
3320239711
2732124401
3598699882
1750922047
1509401178
1003563508
3742878075
3001536373
3987010782
1434580803
1186521100
2318240566
1122672213
3572168986
3585969184
3060890728
2821233024
2212556646
2044146129
4287742249
1286883259
209744568
2026789247
3163058395
3049540829
2689197474
465093534
1862893235
39038369
3441342560
4099907602
3299451732
110739717
2537040216
2453050012
1394145520
3755394686
1525234964
263350904
42829914
1950772042
2668461425
2456973366
2718166106
3226211551
1379119971
806023002
966854539
3806760470
2609352701
1207505600
187574425
367021942
991370188
3123246793
3196480205
1797377360
3573836599
1370411093
3534130065
3052495326
102505674
1294965892
523034414
1836292836
998387132
4257015407
1430671145
2684399382
559198619
3292780163
69335628
280432710
3633384525
540092088
1235824709
50220952
2070090597
2166774325
827706052
1365007720
2908164028
2712585027
2620826740
2495927596
3210874823
3730443165
566703792
702935439
3604554850
145846100
1278955612
1380787361
2824654232
3433982969
4233497621
1949790864
3631817651
1132464110
2944790351
3586088099
426522135
785053631
2258632819
2973756828
638948846
3173047221
1720473874
1566734477
1180228993
4172312582
2155170146
690607650
552141190
3833370456
3705194970
868366535
4027935847
2849642575
2859127540
3204212222
1783097973
1641853748
4192195945
2872730881
1060716725
948414913
1881244096
935381841
2924958731
1485665684
3276056945
4070601791
948999863
2643648346
482644825
3326384223
3601112962
1462338353
3214042381
2779545282
1411348724
3109852863
2578990885
984434178
3403896457
3212638078
1645998221
2887175161
3921697449
1650521527
1766367656
3102910190
2552307998
3913467391
1367190356
3470634419
2821951881
3990403161
2607259527
3813865143
3290411112
4214537347
574348105
1667844752
3267379107
924271297
2560080080
4120775651
2510746925
1966807338
3405339743
3851732077
2879464513
2550771059
1615571305
873312837
2097119698
2733833731
1079841163
2365797829
721839172
2216890205
1459544626
1234964965
3842265024
4128500951
3247973331
2998242827
3477077533
1827120507
3242519397
3982945670
4282651732
276566573
3671700416
44322270
1118982069
1988308124
738403907
2845056732
76725814
3294404027
1989095616
1538987
1324667512
1140045389
1343550421
2262583771
2991926306
838319154
3161505083
2565099114
1425924519
2161050766
2128979
4150576456
560706777
1183355778
3328258681
2965082228
3123246793
2501901011
360159960
3306736583
2820727706
1202144411
1489259519
21949532
4294315887
3217406408
1353812697
310317548
2789537457
505371708
2122888482
2385180907
2088903655
3102690646
2260907194
542904510
3483977662
3592503311
4068261377
945729096
3573872747
2114170145
3898094183
1037376157
1844436475
928461470
2036179536
2236024601
2948382692
1170025394
3506467708
124254008
3717587039
3611525256
844664136
3782580610
3561664981
2488504529
3436677727
1881953580
3492317587
3243189879
3270925114
1775923021
503691485
1014751585
2563465587
3794616311
3213788047
1456120828
3250547306
389249817
1191022658
3019764055
83487640
2038540389
1701591001
1434767474
3785005805
276118878
3745787614
4181927911
360051736
1260294978
1844116205
3568474022
1009113654
3246636694
899469599
750468372
342116283
933386093
886099621
1169955820
4095317386
3497715376
3445995739
4032630467
2240870596
22652849
491418933
3969678773
1091921417
965512517
3740135134
2010528128
719823872
2531227388
345530493
690802732
2051802618
620190758
3354915341
3023825213
879827846
1859400271
3453596204
2773223003
263635025
3461179798
1435952503
890243170
2446922128
1470544165
2541874251
1410843217
1420066958
2418332119
3543956763
4165456510
4140587512
2750679823
3832575880
640451933
3665346590
112967193
4084217487
3334065371
2392940078
195707140
2774231526
1022565117
1866491937

3425557343
3609608568
3166671274

1693248663
4086350194
2716964899
2628472893
85810081

3978772840

3755949642
710921698
1029348227

3701050483
2874783146
3208920540

3868706090
1372686213
4088812108

2998163483
1946673203
3395650270

3833899521
1317219227
3482398456
685963443
3388892369

3048879305
213825223
1747445248
2910920663

3484373360
3485952821
1460466048
953958426
3910992264
72484773
74367212
660889912

2778358896
220122798
3390146851
1962685117

1043005218
1461989134

3112076265
369594429
2861459175
2432035983
1675014146
940576184
1126317518
1562501442
567490318

4282774278
1655775272
309426075
3208920540
3713640635
1519961881

2494110766

3153581771

2405655276
3240706523
871856792
851634073
2017787795

195049948
1483353947
3293731656
337863836
645967322
3550177477
1948255268
1339059220

1929929043
386975417
1494442580
4075431650
4269134255
3822223095
2303425394
2120374014
1271658845
3177862233
4125551766
2368396018

2426579122
3585945973
828262327

2232837061
3814445994
2592975265
3577515259
2505700672
2140255640
1041927675
2273865423
186257488

3002046785
287089068
350641180
224627624
2961235965
2481707862

3981414018
3867995981
1615478115

1508402060
2989826604

2520973565
3565838809
3823727513
4219875558

931249228
3836815156
3919831267
2999733999

2074090463

4159949418
458607445
2144265369
2083383113
209261221

3868720647
3905550473
250501560
2218590843
2726994571
2148459145

3764468809
197748272
3415821847
3409247344
1287629473

544079209
2518166347
1085171971

3042929714

4114345865

748039628
1757899869
2041051039
3479245365
413095325
4272220298
4095760774
953482386
1633246943
1575828931
792866267
3704720513
4175533797
1244694419
588891087
3561767854
2544046980
673172213
2649633331
365702605
3360464873
1115574285
193169195
2435677873
1873328116
160426437
3569606347
1087236599
574049371

1118860208
426677336
3780464197
3533305330
3135603890

4287438116
2485676271
70862688
1919079524
1605642458
3640908926
1768615603

3749467923
1810690454
2288170838
2652672389
1259946354
1846623485
825827524
229031899
826821029
2607759552
1868940322
2469547603
2019977624
1020248614
3746451299
1553049064
4195390665
945979947
355859793
4055132966
3422184014
296071121

1102064104
4271025416
2267504310
2586899588
241241668
3966195411
3792961592

1936991748
3569128587
1184518046
3635577850
631499340

3534304048
3539485501

4112358053
3583101225
3040820993
1925184377
2496055132

2399722092
3098544585
647510188
1410647475
1880977083
3488290486
3152498293
4102391358
1045583906
3602945565
2214789445
3365317156

3689714964
2197760147

38943392
957365749

1819425286
1211610276
694929479
2379360257
2855437214
3210839785
520844168
374961254
2085610762
3291935497
2460951019
1908466445
2191731185
3884314589

2254768088
1943044851
3010384300

4084489887

1895616881
2961143647
1531355921
3762960270
2964188813
1885778785
1457452064
2021708692
2768116547
1253140873
2139087669
2379903886
2572729823

3028807634
1846313479
358513089
2947676144
2885315904
2829602076
4036656066

1668854917
2598418305
252162550
1224568403
2624042874
449516359
2067556185
729689149
3294050121
1852086303
1490454700
654194803
3060071551
166570809
2217161522

1957194768
3369297600
3761164279
3643979748
1607110818
3707613697
3659327811
1625749523
2903542187
2853691550
4238920928
3184520823
1531562702

1887441843
3965979064
4212980720

3649229946

3670447102

624496915
62923533
4172575415

2728774204
3099397210
384350606
3659593266

3115737196

1910842665
2326394863
3104026450
113326256
3349966902

3258885261
3365711235
2473340153
3272523951
1755094879
4049964565
3915119820

1041753115

1821868585
455878275
1215025653
1576172373
4174474131
1848692126
3325997676
3842884135
3108447812
2065868713
725381792
2105769400

2930228258
913944319
1959964286
291442475
3169157586
3883467370
2844864039

2085142326
1147103249

3417498168
1665241932
1459685750
121749685
4231583772
1151346282
3412371880
2252133953
3201884116
1366240576
598354533
667946932
615969510


1522306335
3359734991
4197397126
1382766392

4113980317
1477267573
1491712133
632879707
3638685148
632447938
3777056672

3137789893
1261609097
2902928184
151796982
3535364516

1034172091
3018329596
3876588941
3183310832

3776237184
638040545
3479435266

1742637204
2675390657
1658145466

3187160576
1358553421
1247257517

166868538
1993191289
2975491094

3257020876
2487785606
3140069519
3176391457
627350263
4159166706
1528292914
3952084855
2059029617
2042570040
3978969015
306456472
1040331470
196032377
4197499452
2129357636
1281493102
3682545052
2506263231
2508052490
3309102428
388490529

3699316197
3595524054
3822753747
1400921907
4234507437

4289997456
1884065797
3434656813
1833537666
3779993384
663407021
1757176078
2565672700
3138623188
31180188

557966960
253139065

267661468
1398646806
811103573
868388502
3485304303
924723262
529643279
356550173
186521169
2122371166
897507369
4114346494

1391165796

1407411202
248580362
826370242
4282950634
2193283072
3436418018
162243155
4091387301
3838048872
1546055450
418379159
615886576
1240387610
871505382
2095312176
4245324170
2786702896

3378034194
3867777756
1838589592
1256962246
2564901088
3671499629
1099752454
1785134714
857823025
1804910891
946959893
2306472096
134236121

232986408
1861004134
428068550
2982961459
2106822358

4043731667
145154565
3789462371
4245502624
4112776785

3424552135
3225208951
1514824455
832565558
3519794650
2262919883
2388162105
68740123
2800948832
2516780294
1073399724

4273445144
3713683170
3943777862
2035760352
2061192822
3023047180
4012009408
1884914198

1189088350
1892431517
822469685
1708716683
4199237984

3336327334
1887950130
858644729
1911574935
2922538137
831395848
4237711522
450988187
4257948784
3053799453
3087742148
1147988511
998506932
2197851306
3171039621

3749372873
3777631377
1712060226
1510025331
983290335
3764705449
1191928135
114363335
1922946594
4270668370
1336557417

558424872
1907338347
1818717828
270413501
1683204123
3538493282
489869196
2766375423
59838009
1528761469
4154452260
1542119980
3191963348
4024160677
1433109475
4053591743
2958473965
913189481

3266542046

3407743896
1149442467
3187493136

1414523833

3834410490
3425854799
2806581738
2314000726

644335127
1259547493
211810763
629280596
2901967923
2847478212
2124781422
2964113764
4261791194
461892676
4200447786
1749136583
2348383268
1578961360
4165976830
4085982431
3690989967
2991010048
679019802
4067258989

3577098278
3156530157
1530102583

3664537209
3535612249
4121772375
3980468065
1901984622
793085694
238113402
344369602
3227587024
514718436
4272900286
298695839
2090815454
2836595341
2711153908
1861917674
2904229884
1151830700
2055954057
18583460
561710680
2121510977
3252694984
3749835491
1684838214
1004830370
3059466049
2287926725

2678539647
3053016725
3181921376
4158111213
754782148
300482906
3962240944
3427349773
666907158
2457449340
3392265354
3707764266
1231562820
4140710838
470736539
3260523660
579458413
1355049907
3865534567
4170589687
1613245972
789858068
4075162152
265687646
685492186
4077716993
1552690725
1240371265
4111442478
3406090044
174674041
1886280747
2917364339
2480265699
4007019783
3843851976
3614585694
3838069666
1965586715
420935770
1450685885
4232623816
1374225571
350957078
2452193744
2002265420
1557306274
4280523025
1808634082
2510323256
2293715388
679486100
1208269289
488600796
1596400444
2363664437
3301656061
631846281
3131212895
23207466
1763609866
1497846087
2871666467
3276056015
3137174819
2925106618
1630629900
72501604
2298594171
2940284658
1885795807
2716019421
1508342926
2061511017
1593151483
441343277
3044957635
3830444480
2080662919
4060777902
354699605
2497773197
4221005715
2081757628
4193050049
1521344860
1485897144
3435144079
4003767408
3847585432
1771060696
66698631
1568542673
250769474
4266154653
2179271299
2772623941
55886903
3959459114
1465442970
2246989704
1781047752
1857335953
2364026780
3641574742
3326719515
701826053
1461208978
3760242536
4222664272
714577329
2185093167
2117105220
2804035356
758298344
3310501931
1509206776
2621574949
1347575365
3788166704
4138191949
4027814103
2908562994
586493442
3280392562
76109172
825276875
3527970341
2390256713
3730976063
1038649734
4060920248
3478377999
2623627277
560207230
953271831
1939980607
3284213091
801578950
4051585245
1571441771
2802562400
3283365663
2425414301
4288423039
2580242888
3954361211
3111315567
2087971718
3253665052
201289579
1290902330
493939681
932147146
2595723627
3446963583
2405038012
1762863878
838731028
3729639199
2146230800
33009443
3185715786
2712252457
4129308813
244170946
2659856342
2650786255
64245375
2839513657
599108014
3663601709
3148941754
3877816943
3776845308
3786912929
2124769711
1950002019
4191334512
2424531900
4277070909
1662061811
3881923778
3395649532
1800662199
2211303226
327017162
1567174313
1162069748
1179934531
696653075
1847169543
3882696661
4094097855
299099258
1553778143
3470017964
1243536108
3294387824
3911824733
1376626713
277215521
1269668811
2259831873
197769455
1439599812
2004767135
1980903333
1657544473
1457651722
2230605870
1705832586
2369251301
3672763091
2425330577
1718374125
2393876837
1905060471
654013317
3551873562
1477723862
1539541428
156211991
588304250
1629910513
3905426798
2640475817
1465620346
2571170325
3255623193
1077605036
3522214771
3211555177
2266140521
2636781439
1634622388
791677442
461650203
693998119
2955429962
2880131862
4147047362
2858312098
1446612023
1436997196
1797163575
231917265
3575533793
4136365289
3448611438
1430340777
2714449556
2294761015
2751610366
2392923414
2830760333
4060920248
3124152547
3346197414
2811048269
3054287128
4011260015
98237967
4096655549
2220081025
3555123543
3791968690
1489895932
3555066349
982602132
2597263250
47784407
986974901
827279849
1596510459
1711333653
1848911484
938786746
2702650848
2763097172
835303861
2017522665
1306520384
3695001985
944456539
3306830536
3747933916
251136201
2969672649
808190035
2727876356
670338403
2486584574
4141873023
2505773002
1450522162
885569963
3208470016
1740335905
2085343330
3549753806
3830044389
3792361806
1745469014
2664867759
2296545505
1270750793
2026471785
85588254
3227592055
1198841708
4036435
4176710632
1081823356
3942263952
4262852481
1195639496
986951372
2901547608
4211279680
617724474
1630843437
1451559670
3080321613
3687186889
918898113
68079208
993320124
1578928353
3919226313
3735819085
369787974
1563662749
3249468945
3699558176
1714850854
2798056798
701713167
2293723705
1979710345
3616987052
3557226988
1337365190
2240529287
1895684495
2437823428
34841707
3413948039
659314089
3788112941
3098769665
105528353
2437286375
930394811
2079459140
3560493808
2786587244
2333913107
1496013472
635139998
4039203062
1622972841
2816106560
3129590026
4125489762
4116657806
4203805705
2688597575
2321660412
2514791180
695488494
441292040
1659620531
721494631
2226239127
909057625
1961418173
1032040805
3918667212
997620810
3871934734
4020371213
3207270090
591283966
1862462249
251156068
3606319938
465314129
2665143420
451023360
2453234786
2953297835
678009786
1373886668
3998015892
433333689
2950711962
9537508
4254350651
1671266900
849664454
1055212609
1928962690
4036920011
2963615891
578232073
3757148816
4087886054
1370702977
2548623141
2818639990
3103894707
1456744073
1953517116
277943382
607723951
1995898836
1906995036
1466227484
3170430170
1385476213
911061816
2242188242
413669972
141115508
3393733837
3658589859
380398636
1231571508
1929117868
4219738013
2763689707
3088891036
2087779382
1150024060
1022981189
4063114069
1521039511
2696094756
3530254670
2109500525
1063913437
213305569
1797468994
1625673246
4207013980
4075531973
4150229349
702171861
1980044633
271718034
2433071593
3124732575
85385079
3613978477
3840719591
1111449692
2654983497
608353984
2294036126
1804670625
200876748
4222567589
2636206555
1358006502
2858752726
423406523
4122318674
1068534849
4149778752
2359358206
472619123
935802083
2097980725
2366567209
1076000342
3618617116
637582759
1275664392
115773203
54492342
2808968708
4078393369
4059465428
1902767708
1868423513
3960818671
2147869911
3721346198
3117789652
2945228518
1139790654
3246293817
4067494313
2339547154
81240074
4160509924
1161262247
2375519352
347481274
1940840262
2284977826
4047864064
3409737849
3070670989
2499371714
3563728039
146037616
448452053
2101025386
3934889360
1407825849
2248996751
2477293216
2759424369
864445892
3331349077
118541288
3672783168
2414568746
2589127800
447795204
58164411
3835990792
3160878760
153124561
3494670907
1165107539
49624598
3390214855
455423009
22228393
3271032219
3809575550
1703285662
1416881148
4041541781
3678786121
604508811
1377030504
2140704250
964690400
3213792139
835634460
3084820270
248256606
3786835182
4133568772
3638924960
4273433890
2687428475
4220903208
1733031758
829700271
764950549
3387009526
1990161927
2276269883
775784029
3807872821
284163567
83610475
486349242
3474101348
2651174814
2682446698
734580961
2405747630
846456391
3470306213
1229794153
1367444013
440383284
2473520063
3282285397
138801895
1376472632
2064401045
664409281
2701824288
1635394463
1512225144
2779001139
2524015878
4053732635
317548874
3295899583
3143472968
3162222052
3045487073
3150128407
2436301232
1161257071
656658831
3196505650
2115062831
2202417907
757336452
4031952935
2410090098
459318856
1954916320
1347380905
2687498804
2776025983
2556381324
3886079031
3077064120
2338474282
576406360
396726364
1893487110
1438060022
427362030
830151790
3042971566
337431262
1623309470
2529786232
3794286575
2653012821
1706462924
453687124
551221813
2536511308
1814106523
1060053740
2411877437
785395888
260836272
58149891
2164149658
659789117
3334270830
488408937
2056891707
1524304893
472090893
263411855
3252490582
3987846006
739022955
1677587054
848076214
2574279832
3744228739
2930984573
1348453918
2748047627
2280138695
4163814443
3309608372
2053104124
3520360560
3012013956
4004608248
2159240190
3404677398
1759427424
712119704
2098930377
3081802642
3148591066
2067867451
288956529
1478336927
598226146
1488873823
759581327
3726566061
554177221
312014830
4223359457
2062605485
529075872
3960922701
3151220842
77862058
4046791087
783098229
1401529932
2306810913
3377737092
3816495538
1272968440
2239937629
3467880099
817559568
1598713468
1018073508
2436775126
148879815
2646221384
406166558
6230485
866616249
4203472931
2111659656
2480645001
2829980668
3569278116
3696970878
3770218166
2619505476
2304444208
1450327905
1648500393
707951854
2826442234
303540218
2548211426
1676607159
2450397612
2263603033
3119869264
1156632166
1754909459
1106286623
3784507648
1787343592
879075128
2101135757
164593980
3134100094
3166771974
2969233584
3302947862
2492017702
2437827976
3308272794
2001171156
1195522937
3446476964
3687846623
3920313214
2761686472
690683698
30408707
2922898624
2533993539
1773900019
2548071127
123936713
2687207847
3644824309
332179661
992310134
1731465143
3138357855
67095353
444910972
456128220
3385247313
1726288551
2219414146
863327253
3160427977
72103691
2512059123
4020337556
398420258
2826997059
2346145053
3279400230
3283201179
2045846080
225444443
3544795483
1870261321
3404633669
2048864130
471766436
3001288246
1346567305
1305472683
3110742301
695707149
896378696
2447578554
625075045
1269258462
392625977
1582657919
3542480435
2950480368
2078565801
3045437307
39157511
1253949659
3396718625
2498069283
2486290002
1088358050
2971704086
1821002000
4084925206
37600728
4274231568
3699011977
838636820
3561205715
627564213
1777755585
2161317404
2850421729
3069332113
2784483486
3677741836
520989203
2238757201
1135949585
2191582646
1728059464
247794498
969224056
724802847
3029987991
974493661
2486985714
4017833698
362381272
275280836
1898980551
196902492
2055165308
2344344488
2891819365
3185131478
3393815294
2600619281
3140497748
3937098051
1454755093
2356157228
1164255559
2082955676
804064021
3294654539
2588397515
1625722904
3771254157
464808604
3234552284
2420920394
2659126744
3991350746
729939327
2613344459
2528093752
2434942612
2710685301
3248675448
3309997493
2248749440
1371931468
962705599
4272222168
754786393
1615588413
2305291478
2674141200
1454283839
351058770
4002566997
3966146430
2528664670
4010722820
2660860341
1410484493
1638634168
766613733
1904168824
3655489158
3002162937
152651569
1565409365
2723828496
3111885670
189856536
2632207626
1740317517
1890461123
2510602175
2273199153
2814492253
3528637000
2066924999
461078044
4088250251
4013369328
3087330953
2122207077
913211415
862190024
3205139126
3782575910
3479614149
1581100531
272988879
3171627535
2040286817
4089325948
3353205298
1054914652
4086705634
215784195
1034229802
996367306
2841681991
4060320497
4201672891
2777723271
772010153
3155683941
2898981662
3850209126
3558169031
2327312293
3721307612
601062854
1802835067
1732544197
3664366571
332552692
3685771694
222603641
2317463724
1857802058
175606994
1057655404
3216402179
3562632522
691798038
1509171154
3871272090
1533806779
145246288
2952006726
3160772802
3711059275
3544516082
1697080126
1340330233
946436786
4281240914
235340136
3265231993
3239994953
4245808936
380123786
2195326088
432138076
3004082002
3082818629
1233112980
617857065
413358313
1583952227
2320034306
1714532063
1485113195
1770210181
3096395706
3765434880
2441578623
1068629286
799338192
824225475
782596741
2508382530
401856661
3826023421
3703738876
2171228552
1548473226
2082379130
20915936
1532760883
33558408
3560316210
829804445
924637142
1667010141
3283512001
4194478187
3008458519
954315991
3019003467
1764855200
68242138
1408397119
3526050543
31110345
2214258072
3033993885
1524176924
3687932719
4275028840
2727026610
3050691657
1032858183
1540150375
650648626
2367707379
169610791
2947388140
1027260420
799619917
2917385879
2507485768
2224792131
2689613720
56603837
1259356596
3191600149
3069520975
821842552
1860538287
1063931210
4161563648
3382150865
1582691645
736981100
4195092402
937562651
319308244
2137744336
702781036
431142811
4219654280
3104937791
3804558444
178582763
177581667
3309432449
2630873040
1229723971
2906111956
2654454179
711711159
3771328930
2028460388
1217486828
523968621
1837440705
2102461388
1259270648
1331507798
4184839826
3996204684
614557747
3270827340
1256476218
2160807658
1806610122
133058919
2330431483
4218378111
356577169
3216232481
1861768909
1807503535
105131489
3375842205
1726453042
3787226202
2950263513
455483155
3782654350
3618959968
282182096
4124047183
859207659
2120015505
3403467424
3068875200
2832794842
1955764004
2211838020
3530022196
3333122153
2869778901
2962023475
4278069677
3156352899
3949397856
841038932
3414533429
3314954022
3137735443
266339940
3857767162
2805420669
35132330
1089171
345195755
581464145
3470591007
570040679
820512828
2993545284
3218948548
3014637643
3002610752
3736158078
982540214
2011029802
1130535296
391661735
1014221107
1957672552
291468870
1245357062
3748730046
2497584614
1588829650
1489360063
2355215108
3972357853
2925545779
2250796044
1163950847
3543529727
4005138364
2300888124
350077334
3975906290
4201099348
2127618207
3832588954
2748994910
2411987850
446313291
2461734950
4047005981
2566969042
3994684386
3147178508
1522302357
2698942500
835111340
3538042001
3494644178
133267209
120677513
2768976489
674926547
2352673461
2645422070
1332735064
1393140091
1593535743
514208410
2299260474
43595526
1213074327
1625137758
3812989452
908701471
3849295398
3132908616
4089660824
237858546
364948732
2424012037
297690908
3655320398
1616722509
1634779900
1877902206
2343597756
3107456770
3456597404
3661784375
2187271402
3459082620
2461557155
342651153
1129321185
5696523
1220534613
3723833227
2674818050
4235749696
790021079
1860082303
1480473309
3864841679
556316350
1078371798
287514651
3647650257
1197167589
406826398
16861789
2498864590
3234154179
4032702864
2187063684
4124786237
3203265227
897687451
2848312071
3618391765
3195851023
1239638162
4276971883
1953540199
2253912415
1468392532
3591857680
1277831867
1640211234
3154146496
138948966
3232131056
2095064468
3396866112
3818511133
728473437
3500297115
3411266429
297539982
2727618706
2124792935
3209967109
405191912
2390019241
850461089
522437935
2172531503
3297975632
491521992
747215707
4079021885
1709041036
2806620114
821375229
3820768632
3482394650
4282411959
2510411053
2685523995
506257583
1613724410
1795526167
3892376208
1661163733
2954707346
3950592237
2803465669
1240508168
2603298628
1135759370
3004879683
2517027143
1462569883
266510255
3944322073
2470584980
1682892334
3393749801
610800870
4184434283
2399161872
2281593576
2908640947
2986218945
2494792392
1291156375
4205729415
4120148766
3027352904
3361872545
1162189383
1069135149
2624025853
923391722
417421730
1921029133
510257484
296454807
3168546016
1114403057
175637876
475716799
6560849
1172701435
2995265204
1511778989
3227937207
910835535
3807391226
643850494
3493298576
1620344762
1386299459
3275574425
3088053271
2876157058
827096412
3218307311
1338913716
1408326035
464808604
3334995799
1778644178
2633409206
1961515389
567448536
1375094730
2975828308
3525012843
2317227941
17935864
1303978369
3740145064
1994615088
1484017033
1306689112
2855485518
1297817306
702373511
2865094758
2232186744
530220341
363226936
1354850149
3577528967
3500565886
2612876428
3118766820
2695868354
4177848742
1859530627
2544164345
3606922528
17620263
2835123838
1295514971
1014929911
4164071881
65983620
2155170146
3304549800
2806465551
3617053189
1304231602
1723893072
2466524239
2235741403
1529829546
2108050789
2727913282
468560640
208472723
1906772083
3991272833
1657760364
3432910602
3979826269
1647246960
3603637022
2866969314
1387087489
3515191577
3616937244
852925781
3805665787
2158761741
328584462
1275014879
2430513137
3595368921
1412866419
867902698
3948894597
3478187492
1144236491
2015731778
2191549960
3160887961
975217828
1017136626
4017092063
491763821
1299594022
3706973978
462103328
3473459560
4294480809
2354760381
194764102
946080790
2172491735
1796158679
2694035860
342016814
935012275
1977851476
1970799417
1654534276
2497801938
177445826
1664435357
3415035735
668302688
3210730098
3140489968
3859251154
3411393762
1115204802
1851824546
1830216052
2106404496
3066665026
3993107889
3760541401
453134822
3532175949
1481240265
1937712446
2098307835
1205818556
661947203
1449811583
1001913475
4293032348
1116572760
313257879
2857979492
963566981
1844637271
423459135
1086123713
1500206824
3072659632
3532511386
3291683821
554742109
1716435233
752638734
2190284533
475342983
2106813543
3732629494
1159443861
2469243856
811252127
1122430711
2899660097
3854435637
1189355300
1538545894
4184808405
2048509003
3402923921
3996910676
3889076689
4159421271
694409635
4275690898
3221557825
134817577
392588123
703627768
3297451646
3118205838
3167193326
3310652523
3296246305
1382120715
2008744346
2710046450
1492062476
1486853436
764681361
3500267740
1854293557
3036542535
1912305987
3063077734
2784573578
2007189206
2308485672
3616286561
3374389850
3557353334
31945632
2600995449
1984395092
1235011665
2272848207
1755395655
971367082
2157069060
3315859757
3187101236
2737220796
2454810843
3707507809
3271002109
2802663930
2947371926
1368245690
728356185
2834813815
3085137539
1108141836
3797288650
1768041928
233659216
3895638388
3908978676
3526446271
822018544
3934710250
237303986
3157357718
3588388667
2383106261
4162138552
2216607850
2435285004
3666657750
151862697
276496873
4268174941
3610111482
376069840
1684728672
525820848
2202774770
3737462891
3161883346
3385555409
1217679153
3983268131
4032816175
3172329450
647156697
4102550238
3789710831
3760680940
4070343737
2434287117
1447065148
1124067676
2540923381
3874878876
2598154707
3638007182
703802939
2392954132
2762238882
4141353634
3670730522
2528280023
779779375
3362471935
2757535606
202918140
3491862733
2138916376
1252307994
1934146537
3612252840
3289421003
884997657
482371047
1845269037
2270538738
2759196134
881974730
2125803402
720093015
637251575
2536746990
929524893
2458037302
3881870119
1036068722
692496405
1312416083
1078415428
734788732
1475249274
2647482408
12333117
4274439799
3537067070
1959655381
521647789
4290196987
2390428819
3377614548
381528078
722094654
3319796106
1052902883
3719037033
3905146209
2081863787
3625030223
3422564473
1350394917
3510359376
3486285708
1756963571
4136390441
1166736202
4294545946
171008431
2582097443
3002313750
434409326
2505012938
2991800005
3506258311
3848424128
2054966121
4078385207
69802474
236037362
2551529093
4207911043
3440120592
375509741
2903386484
1964637558
2613618267
2376455047
4119639452
1936194222
3575084924
1536575291
3346864394
2445883610
3981093069
3472817274
3960694492
1248402254
3815381377
2731788012
1645041269
3568565055
176388052
3479312485
3712313739
155202536
4218737037
1128719369
917378410
2602130018
2332933118
4109143194
2212084719
924128106
1687261342
1173918830
3742377645
713311757
3728647518
525925068
3664445501
3142695610
3895499191
1264376095
169090927
24245791
2639749762
3654745183
674560779
2008383862
1063581921
1862154259
2875947581
1018267512
2999574609
345231813
1643688011
3216280780
1035617025
747169185
2050311169
2288760150
2382455984
2699506170
28858320
3097946421
2617173267
3321552329
1404965820
3692940753
3181596485
2385437976
3239134704
2680788546
2180368390
3398793039
3048432890
2456318529
1203997725
1743081709
599355647
1622169739
328617029
2602727126
4145512560
191610711
2442548376
1562285168
1798123004
3822451034
2975160748
1625189406
1170551734
98784735
893862978
1597475716
2144591171
1411513307
4186364639
296098943
2732175830
1141854357
1754620938
2627535634
2425484597
541316514
1655000035
3952084979
4093274996
1813577875
3198517383
3466854389
4139787757
397777669
3028090746
2657330080
2310026595
762295181
164058016
3410631425
907902078
1322060337
2700263474
1706047634
2246769286
1567429694
2474242900
22512059
4084158102
3420425546
4076380689
3495421100
3583347506
3839440051
1075397686
3303854296
1209377837
4024031994
904234644
50352520
2757667963
2928985292
3331510466
1362124438
546055984
3402758049
1543206240
2294700362
3663132374
3285656521
1686377397
2055751713
2879337627
3887396421
1695068403
494297575
2957786084
1398610085
2700390167
633091469
2363887500
2466812779
2927214982
2010786501
2426795414
2366342671
3803497056
2502893870
3088890537
1197389474
221808222
1883145531
1852316572
3380114813
1037233095
1790173450
3835365552
1727328961
3440761742
3738499935
931567374
2718812120
4065325192
3794994628
1342515993
4223367329
2271863608
3380763853
20010436
4122110589
2024366903
3428110428
2040931332
206630582
2352423090
3241760025
1632282021
3609142758
1620253261
2536870839
620056495
123548101
592132981
2532506898
1627898672
1720337372
4097079976
228495700
3629261139
798783383
404360577
1638848466
1997659881
2727720998
4084440502
349935712
3135895923
2732412285
1276343551
2252165580
2933094094
2310003299
4277076392
3852074615
3604490055
2422670498
422417621
297892241
1014751585
2647801047
926679547
2156444050
3463689029
1084353872
1847811619
1127545067
1020688441
523641460
3859609778
2495742944
2587258574
2276941644
3357081935
4193883885
3461642388
3885067906
2454503538
2154241216
3288529877
3223861407
1685324626
189195778
2547538061
3059725105
2435337128
1836269153
246137566
1557546463
1582238473
76708895
2264675821
1561973668
2555505056
33602309
2682992192
3951068069
3982699687
1699486858
2900631541
3309272652
1276929753
2870807264
72804075
2888259518
512996781
904515207
3136064690
69562478
414750085
1315187340
3957660802
839848734
1456728268
1321073590
2322966339
1600164514
3578238586
3785906150
18584606
2037850173
1591769077
3517548218
3199222446
287261361
3827112496
3630758544
4012969579
3183221471
2964192700
4000116149
3850129693
1854982027
1619381642
3503260904
3728482746
470632363
71945383
2046696865
3942598011
2831632661
1825063917
4060320497
2668595488
4050066814
2534706960
3088868884
256394567
177713009
758298344
2169151637
2455431716
4070266170
1361421443
2738741207
1892540325
4095633451
3721732963
2595298540
2307788363
493769096
1971965940
4148375370
2935259284
2599208015
54917083
432217383
949218200
4087254668
2034246235
123652397
1288924300
3500193679
1157933230
2574429043
69601083
3213745683
2166582439
599386729
2763899189
224309777
217113620
173097838
3934756373
2241799657
3373597483
1347753236
3395650270
4163075065
3144970744
2874190182
2571710984
1462766894
876447500
1393726768
2744765704
3337748768
3935752714
3627414066
812162771
1968249858
3997911048
3997563526
4194634670
889806279
1858614340
2245168571
3648696277
2889373836
4188310573
2936816336
3033895438
970286641
3918104514
2955301800
854676686
3936045208
3063175139
615319131
909127278
737892693
1424517107
914958452
3339601042
1199043548
1183211344
4198193981
3954909489
2463741375
4034149869
1913556877
1186991949
1404533373
725323980
619968910
3664404014
3223056047
3302617814
3067340501
247245739
2320692472
326280513
4095911811
3111241781
4132725443
4096049226
1688480630
3638862826
1943977251
1239647750
4177428545
2394048127
2089535906
3045574653
953746799
3637606744
2210036220
1387011678
2560044121
2144263551
4002649770
1793866039
2628148739
1577690034
2585788514
1419961653
1541821695
3002313750
1417122310
3673757960
1143178705
955799241
264669382
3179249683
1164310328
3964005871
2335385721
3200849670
648429765
191884827
3539069404
1510386394
1000216173
1653464431
3448326731
1706615893
3096526220
198830634
1252098955
953052592
3826626941
1757784947
3893162889
1967171934
3684236892
1990705938
10874117
544712567
1910499087
325239896
1206218072
3953830649
1512744948
4105968318
1617671399
970439589
2907190134
1828079887
3459336809
2978491548
1634755570
3264716569
1645053301
4181923986
3865713000
3560773797
2593054758
2729913873
2589748757
2787275395
2419276462
1232551741
1988661897
119881807
3287837277
1594067981
40205867
1942177285
3147963064
1745376733
4237664676
792613146
84002852
1931371084
965352276
2174582818
2138228485
4026854860
3278728317
3213304510
1673467294
47890208
2869397743
138724586
2283220351
245487570
3939400408
1551487008
1589485527
2972203302
2864573043
1372115623
1981450967
1803581118
1594925919
1492883362
3647884007
304258381
1315609652
2409320302
1666852957
3411668649
2545939908
594626399
1113615526
290934849
2643862753
1614794452
911587492
143324149
2377284235
1096700236
765939331
1196947869
4119763122
4171539572
1240451096
2151621549
3192416383
2915044502
1888220024
3889577122
3998263129
3374872873
3637435771
2927917053
4161510063
3370266566
2922137024
1115654788
2150190916
3624715026
310106320
1721614987
2661023600
3520025404
1605338836
1490769490
1367966426
2271298403
4169516532
580870267
2073595723
841769214
2093496986
4239277544
1174478094
1740556409
3010217731
3889851014
1961446645
12477659
516351894
1978991278
4216641724
3610468674
2563270145
2915194831
4078761220
360873412
2840045371
3118380839
1082573138
2135635781
848660168
2197117143
888149577
2611943072
2945238697
1188558174
2766457066
782462510
465478231
3057451878
308207063
1026762731
756981748
358905839
4013416949
1562529249
2320746673
3112430892
4098451834
1466294113
1424625399
1575481306
2373812851
1251815760
2441088917
2501090085
2150578668
748571306
2070406153
3354872064
3076191126
2356600045
93683595
3863672781
338616852
3001706674
2233508860
2815225098
3475494580
1734915098
1370121600
3599461730
2040881752
846816068
1297148088
2472466522
1389675604
1813410753
2328054020
3280797616
194360650
568031386
1225560152
3289163861
548644669
2246164030
1552040243
1421971595
1311585306
383784226
3468081978
2797923908
1737136037
3032919293
1553471878
2516119926
2271634238
170178445
3685901539
2203149619
829996677
1014482854
2909313851
2601753189
1668103275
3978009977
209197688
1991732751
3138257844
308169440
751233663
1243794501
193190189
1298821838
3148841643
3477034428
2510644064
328870969
2594430969
2635082150
3060890728
1843350918
3317959964
2623755792
2629528567
344770987
1309827998
2336423489
235754021
1717393103
1071515103
4229873845
442360956
2331602378
3143493115
4023213781
560454754
3515554918
1865467629
2306167905
2464833166
2783503974
3953491911
1388794080
2782095941
1552814439
3223861407
1780983553
346551609
33009443
841013274
2772558059
3841983186
3608901028
235429040
1978280111
2238112918
2302582859
4269307004
467751502
2419088848
3766315746
2716560056
1483162342
1300625184
2993119727
3947428738
791076107
3784934612
3493688686
2405038012
3052635648
1622237419
841219187
2932863730
3734599564
468257227
2068983821
412319620
134815937
2387673899
3352472162
2243920328
4080834797
2839488989
4001339406
3108332405
3251081733
2099235682
1265749377
3842437060
3520419337
1609371466
1617731205
2538834840
1737272356
2312684368
226486564
1296524495
3709713388
1129512949
3753615460
1974438199
1220081629
485957239
3202260042
1373540667
2324079042
4200565529
1610533306
3612310393
2015823936
49675476
4166840248
3671335246
2733281674
1227475394
1484680695
803698781
2370949709
3503223386
1308720044
881047204
703117491
1017449602
1061345920
1744626224
3361245553
3580231323
1015776323
1852975732
2231957406
1953973620
3719106967
3877760327
2607759552
4078805768
633283818
1457648663
2782841109
1829313494
3132041091
953482547
1759324016
233347668
3109852863
3109852863
4100941891
1899760258
1572917658
2132999059
1068565667
1669236500
1193531606
3228128485
2553842156
3075192698
1811974015
786146307
2012766405
2520688250
2056871606
351238581
1489427998
1568284413
646265881
923399560
638420487
2212912489
3169996937
1089091242
2079639968
2628088056
55661789
1458405240
719726247
1913169680
1810223169
3242083399
2998928071
3783001689
2120338895
4051324703
3178220756
4040958917
1851814550
2834157090
1461055612
731558746
3326152150
3080315200
411391901
1643767864
2436431469
682324354
1588535490
2573475407
1650683313
3449382169
4199195762
4023335843
3443085731
2491971146
815971063
329290130
2016505781
2745813638
996394547
73983719
1898564964
3618653642
799920258
172093364
869161421
2752738094
1048142401
4203657745
787610484
578095781
2103432869
2581296263
1683264330
576426572
1517056712
3244574061
3846222932
2975025233
3236711354
690042346
4159810263
198358494
1092351037
1633246943
1961401437
4031585489
4149804211
3781733847
2080836752
1926596095
3310874328
3099964069
4063723723
3628572011
560454754
1273400543
4234004766
4050009572
2000075938
3050518069
3571587389
205078415
3931692546
3574501431
2971320606
2566479909
2277465534
2259723891
2596439448
242763649
1790941467
3217102671
914179240
312037361
2848988902
1936863117
1807397000
1949032148
838351127
1933191121
2482000411
3708817505
4183464070
3018801239
5758804
2470081174
1234476067
2330504000
1047092686
839912703
1539068916
1154673783
2471892319
3631098075
3782222524
2463972565
1103075853
78480143
3050269688
3866914395
1852975732
377611996
3752304430
1582036928
3624899011
2221761005
1315187340
1744230417
2613122035
2486064757
3457170723
594209733
3252223062
2915735237
932565000
1549230852
2532396984
2684584591
1158296754
42710148
3144219707
633476894
3720897575
1152727592
2634402944
2249879746
4204718921
539364486
3733957268
690842992
4119051816
2077918161
521086491
864737040751267
2594335273
1297494474
2032212257
1512335539
2960306545
4219611740
3817200481
2396315836
4205036940
3763032602
2060348018
1898727864
1345926056
3863627712
2048461026
1232861456
2294746460
1168537740
2053572669
1772565584
1345525336
3188447613
3945608061
2063235359
871617848
552843882
986529530
4041007200
62910540
1664173141
30414724
1984575935
4239460266
1910676849
4155982239
3186881520
2147025063
2733336839
236517889
1535019642
2889632005
494625670
1445507266
2649224098
82192677
1150733618
3760391491
2825106934
3787229804
4214339615
629908860
602878710
680071024
159337746
282591877
3282475199
3963741280
3287405996
4059515968
4129308813
2296523393
1311213466
745719711
2189923643
1069172411
482157329
2071722604
3170608803
3246698111
2809987798
4233587248
282182096
2238066509
720076878
1480665397
224308450
1302778779
1428096177
4001062447
2873145258
2402114232
1623859017
2642846296
1134564431
3487043517
547583785
956010467
3931405013
1563568667
2560808439
1052287245
3558366425
2979136289
3642984313
2622343024
4269705279
4051522256
2220367943
3096368420
599642291
3304662135
2730557765
3343713180
1590032856
1074829523
664916394
3753475907
2650786255
817745391
2839513657
2339039193
3157101444
2718562244
4224794452
309993967
2429250612
3288475038
2223401577
1740960146
766148633
795131810
3759888107
1735067438
4073114383
2303203847
2718007099
3186123170
3299334755
300014734
1248561093
770222327
3836372345
2517880623
3465634461
584664257
4169879991
2472225146
3773834787
2726828465
4173675755
2669661213
2533846755
1819003806
4214339615
2359570481
2680618986
3981953647
1056128031
199711926
3965091414
1550320649
39209863
1929311618
2595037252
1665425616
250646246
506923465
3315331124
410248027
3623157014
3959061344
3850584137
1037554975
4252869341
637987006
2179516748
1843162761
1025685615
1374211709
1145387837
2415616440
177621925
2014645555
2738359993
2900095469
529818412
4152768695
2707975774
1229700531
247225259
1135962914
2621118300
1545512170
3773984484
4031001446
3584180480
930793904
281384380
2224440857
3284316197
274889613
3103894707
3150033001
833257007
1899466065
2518040295
2362997897
2903157888
441535412
1327160857